id,label
301118,2
300277,1
301589,2
303135,1
303052,2
301767,1
302619,1
303090,1
303346,2
301793,2
301080,1
303037,1
300634,1
300094,3
303338,1
300960,3
301168,1
304144,2
300155,2
300126,1
301208,1
301492,1
303626,2
301004,1
301599,1
303971,2
304025,1
304587,1
301698,2
304491,3
300434,3
301925,2
300712,1
304056,3
301093,1
304975,1
302491,2
304707,2
301351,3
300565,1
303168,1
300420,3
304934,1
301786,2
302716,2
300482,3
302794,1
300760,2
302748,1
304669,2
304667,3
300182,2
300840,1
300203,1
300177,2
304829,2
304643,1
301313,3
303207,1
301741,2
300870,2
302575,1
304989,1
303518,3
304714,1
301725,2
302087,1
302855,2
303373,3
304493,1
303607,3
303143,1
303634,1
302153,3
304854,3
302780,3
301469,3
302078,2
300456,2
300298,1
304634,3
302229,1
303155,2
301457,3
303678,2
304752,1
302916,2
301552,1
302404,1
301366,1
303612,1
303885,1
303528,3
302301,1
302821,1
301527,1
304503,2
301489,2
304240,3
301672,1
302696,1
303633,1
300519,1
301092,2
304664,3
304570,2
301586,2
301658,3
300075,2
301971,1
301660,2
301515,2
304685,3
304006,2
300883,2
302143,3
304631,3
302098,2
303462,2
303077,1
303604,2
304059,3
300163,1
300546,1
303490,1
302980,1
301955,1
303161,1
300629,2
301519,2
302184,2
303787,2
300253,2
301076,1
304219,2
301576,2
301894,2
302431,1
304019,2
303175,2
304998,3
303132,1
301656,2
300708,1
300408,1
304472,3
302503,1
303849,1
303610,1
300187,1
301523,1
304723,3
303480,1
303632,3
303625,2
302403,3
301474,1
304542,2
300590,3
303376,1
302006,1
300863,2
302760,2
304711,2
301099,2
301826,1
301943,2
301435,2
300759,3
303539,3
302618,2
301119,3
300023,2
303855,2
303149,1
303602,2
304697,1
301917,1
304708,2
300586,3
304947,1
304796,1
303785,1
301360,1
303200,1
304555,1
301507,2
304382,2
304530,2
300610,2
301881,3
301278,1
303567,1
301333,1
301273,1
303073,1
300928,1
304699,1
303443,2
302709,3
301283,1
303621,1
303429,1
301938,3
303416,3
301084,2
301521,2
303473,1
304145,2
304231,1
304639,1
301880,1
300158,3
302292,1
304455,2
303513,3
301905,3
302877,2
301584,1
304335,2
303327,2
304666,1
303485,2
303560,2
303986,3
300297,1
303481,1
303463,1
304994,3
300700,2
303228,3
302650,2
301052,1
301860,3
302645,1
300169,2
303875,1
301209,2
301641,3
304521,1
304286,1
300029,1
304730,1
304670,2
301946,1
301254,3
304713,1
304132,1
304655,3
301530,1
304199,1
300602,1
300985,2
301477,2
300604,2
302008,3
303671,3
304763,2
302511,1
300531,3
300827,1
303963,3
301737,1
304863,2
302994,1
303725,1
300017,1
300952,2
302204,1
301148,1
303029,1
303896,2
304494,3
302209,2
301794,2
300823,1
304273,1
303336,2
303743,3
301133,2
300289,1
302411,1
301201,2
304485,1
301790,3
303447,1
303009,1
303454,2
304799,1
300515,2
301812,2
302142,2
301665,2
303026,2
300108,2
301920,1
304411,1
300113,3
300661,1
301798,2
304086,1
304728,3
302666,1
303510,3
302862,1
304743,1
302041,1
301328,3
303085,2
300810,2
303719,1
301234,2
303669,2
300841,3
301245,1
304246,2
303823,3
302131,1
303007,3
300063,1
301055,1
300570,3
301358,1
303064,1
302316,1
302756,3
303441,1
300326,2
303608,1
300806,3
304531,1
300601,1
303021,1
304042,1
303125,3
304801,3
302043,2
304093,2
304237,2
300522,2
301211,2
303501,1
304687,1
301260,2
302032,1
302274,1
302345,2
302162,1
303536,1
303459,3
302809,1
301304,1
300217,1
302225,2
302641,1
304528,2
301033,1
302494,3
303332,3
304968,3
303588,3
300850,1
304480,1
300151,1
303499,1
304079,1
304568,3
303417,2
301861,3
302574,2
301397,1
304390,3
304605,3
303653,1
304069,1
300849,2
302425,1
302603,1
302106,1
302812,1
302121,2
304726,2
302409,2
304773,3
302945,1
303761,1
300308,3
301977,2
304502,1
300703,1
304924,2
300672,3
300383,3
301468,1
302389,3
301262,1
300331,1
300322,2
302490,1
301781,1
304805,1
301991,2
303903,2
302736,1
304318,1
301813,3
304383,2
303860,2
304205,3
302636,2
302523,2
301395,3
301380,1
303954,3
300788,1
301263,1
301363,1
301684,3
302352,1
300798,3
304992,3
303713,1
303011,2
302871,3
303606,3
302407,2
302116,3
302633,1
302328,1
302563,2
304023,3
301286,3
304820,1
300365,1
304879,1
304575,1
300441,2
303909,1
300062,1
301229,1
304011,3
303503,2
301340,1
300999,2
302385,1
300537,1
303807,2
302185,1
304816,3
301998,3
303788,2
300154,3
302343,3
300955,2
300213,1
300413,1
304067,3
300296,3
303203,2
301828,3
303468,2
300859,3
300790,1
303313,2
303057,3
304140,1
301324,1
303253,3
301028,2
300543,1
304255,1
300811,3
304046,3
301609,3
303880,1
301422,3
302522,2
301924,2
303783,3
302898,2
300820,3
302255,3
301123,2
300983,1
300404,1
302528,2
303453,1
300687,1
304646,3
301573,1
301041,2
304003,3
301536,1
300403,1
301057,1
304130,1
302224,1
301403,2
300183,1
302387,2
300225,3
302918,2
303673,1
300088,1
301774,2
302351,1
301228,1
300835,3
304614,3
300049,3
301451,3
303133,3
304788,2
300424,2
304173,1
304375,3
303694,3
301060,1
303312,2
302256,1
304151,1
300763,3
300256,1
303154,3
302497,2
304410,2
302940,2
303173,3
303013,2
300812,2
304221,3
302179,3
302171,1
300544,2
302583,3
303440,1
304840,1
302857,2
302100,3
301012,2
302697,3
300825,1
304122,1
301996,3
300294,1
304250,3
303628,3
300364,1
300580,1
301393,1
301095,1
304044,1
300603,1
300912,1
300021,1
300010,2
303165,1
300528,1
301701,1
300215,2
301279,3
301642,1
303121,1
304201,2
304642,2
304967,2
303129,3
303650,1
304338,3
304066,3
301216,2
303698,2
301019,1
300729,3
303958,3
304275,3
304004,3
304501,1
303008,3
302346,3
302850,1
302201,3
302840,3
300954,2
304249,3
304414,1
300718,1
302221,3
301875,3
300563,1
300737,1
304157,1
302973,1
301091,2
301555,2
302640,1
303277,1
303479,1
300323,3
304935,2
303148,1
304927,2
304451,3
304351,1
300785,2
303618,1
303914,1
304068,3
300414,3
302281,1
302924,3
302214,3
304082,3
302693,1
300508,2
300641,2
300752,3
302981,3
300084,3
301624,2
300778,2
301678,1
301592,1
300736,2
304959,3
301502,1
301758,3
301770,1
302903,1
304797,2
304727,3
302489,1
301827,3
304928,3
300100,3
302446,2
301225,2
303109,2
303236,3
301697,1
301556,3
301135,3
301287,2
302807,2
301318,3
302286,2
302388,3
300136,1
304629,1
303922,1
302275,2
302854,1
302508,2
304700,1
302324,1
301334,1
304010,1
301940,2
304999,1
304353,1
302695,3
303627,3
302824,3
304426,1
302925,3
301048,3
300210,3
300311,1
304061,2
303511,2
302496,3
304279,1
302332,2
302774,3
300004,1
302803,2
303306,3
303176,1
302198,1
303514,3
301440,1
304277,3
303925,2
304195,2
300860,2
302926,1
300559,2
303932,3
301354,3
303117,1
300789,1
303217,1
300884,1
300445,3
301731,1
302080,2
301103,3
301755,1
301932,2
303691,3
300124,1
300963,1
301470,3
303309,2
302284,3
303006,2
301068,1
303385,3
302989,1
303611,3
301433,1
301180,3
301986,2
303243,2
302930,2
303792,1
302910,3
301960,2
304825,2
301490,1
304280,2
302144,2
303234,3
301399,2
303934,1
304182,3
302841,2
304719,1
304558,1
303400,1
303232,1
303940,1
302608,2
302515,1
304756,2
302576,1
302227,1
300270,3
302535,1
302128,1
301186,1
301408,2
301222,1
301772,1
304851,1
303892,1
304496,2
304817,1
301401,1
301888,2
304738,1
300117,3
300498,1
304312,1
303655,3
300560,1
300714,2
300208,1
301141,1
301405,1
300815,3
301182,1
303904,1
301654,1
302873,1
300539,1
304468,2
304897,2
303542,1
304939,3
301582,3
304170,1
301512,3
300940,3
300782,1
304589,1
300314,3
301957,2
303348,1
302754,1
304845,1
303082,2
302944,1
301848,1
304424,2
301689,2
304165,3
303062,1
301514,1
303811,1
303808,1
302806,2
300370,3
304289,1
300107,1
301669,2
301266,1
303418,3
301967,1
303390,2
301350,2
304876,1
304483,1
301929,2
304436,3
302283,1
304686,2
303700,2
302805,1
301116,1
303101,2
303287,1
304644,1
302405,1
300573,2
300373,2
300901,1
301256,1
300339,2
304391,2
304321,1
303753,3
302067,2
302000,2
301010,2
301384,2
302042,2
303685,3
304254,1
303839,1
302234,1
303854,1
303545,1
302029,1
303663,1
302501,2
303487,2
301367,2
304944,1
302717,2
304755,2
300929,3
300064,3
301453,1
303638,1
304362,1
301645,3
302878,1
303252,2
301804,2
304557,1
303237,3
303192,3
301975,3
302073,2
304104,3
300654,3
304525,1
301150,1
300349,2
304981,2
300251,2
300674,1
303286,3
301268,2
303283,1
303110,1
300642,3
302644,3
301221,1
302921,3
303340,1
300541,1
300334,3
300463,1
300846,1
304308,2
303686,3
300359,3
303809,1
304024,1
303546,2
302775,1
304841,1
303134,1
304512,3
301637,3
304878,2
304419,1
300520,1
303931,1
302302,1
301751,1
304492,1
301463,2
302217,2
301681,2
304290,1
304437,1
304789,2
300514,1
300605,2
301994,1
302799,1
300751,3
302776,3
304301,1
304565,1
301476,2
304868,2
304091,1
300941,3
302692,3
304269,1
300516,3
302546,1
300141,1
304422,1
303394,1
302130,1
302482,2
300008,2
300853,3
304972,3
300743,3
301503,2
303660,1
301847,2
302092,1
302542,2
302747,1
300931,1
304294,3
302175,1
301191,1
301862,1
301243,1
304064,1
300348,1
301680,1
302730,1
301015,3
304760,1
302672,1
301753,2
304337,3
300477,2
304495,2
300997,2
301487,1
303715,1
304628,2
303835,1
301098,1
304832,1
303509,2
304964,3
302220,2
301686,3
300888,3
301418,3
301965,1
301046,1
301074,2
303842,2
300352,1
302093,1
302139,2
302053,3
300964,1
302613,2
301963,3
300260,1
300180,2
301743,2
300632,2
300971,3
300068,1
301779,1
300606,2
301165,1
301009,3
303589,2
301634,3
301423,1
303410,2
301836,1
300591,2
303742,1
301102,1
304504,3
302216,2
300357,2
301716,1
302419,3
303071,3
302105,1
300250,3
304877,1
303929,1
301292,3
300902,2
301017,2
303114,1
300439,1
304080,2
302750,1
304546,3
303357,3
302781,3
301846,1
303561,3
301067,3
304191,2
301739,2
300400,1
303648,3
302397,3
304913,1
303411,1
301509,1
300842,2
302949,1
303251,1
301348,2
302384,1
301143,1
300851,3
303741,1
302155,2
301411,1
302069,1
302813,2
301799,1
300011,2
300761,2
304931,3
300609,3
301704,2
300993,2
301065,2
301863,3
301284,1
302306,3
300009,2
302363,3
304893,3
302761,1
303187,3
300694,2
303866,3
301231,3
301855,1
304075,2
301563,1
301657,3
301038,1
302099,2
303762,3
302238,3
300146,2
304039,2
304404,1
302521,1
300305,2
300140,3
302038,3
303530,2
300435,1
303206,3
301567,3
303745,2
301995,2
304197,2
301620,3
303386,2
300908,2
303984,3
304214,3
301232,1
302551,3
302183,3
303431,3
302701,1
301805,2
300711,1
302505,1
300415,1
303639,2
301070,1
300881,2
300739,2
303724,1
301250,3
301322,1
303199,1
300161,3
304793,1
302341,2
303506,3
304921,2
300043,3
302333,2
302882,3
304285,2
302861,1
301985,3
302715,1
300830,1
303369,2
303523,1
303727,3
301288,2
302218,1
303668,3
304469,1
300460,1
301868,2
301528,1
302703,1
303797,1
302612,3
302520,1
301885,1
303003,1
304071,2
303208,1
302376,2
301484,3
300394,1
303728,3
304098,3
304048,3
300429,1
304166,3
304113,1
303451,3
304343,2
303266,3
304137,1
303614,1
302851,2
303366,1
303777,1
301285,1
301540,2
301539,1
301153,3
304054,2
300721,3
303024,3
302480,2
303097,2
301496,3
301045,1
301777,1
300933,3
304818,3
302675,1
300371,3
303076,3
301882,3
304933,2
303274,2
300525,1
301845,1
302085,2
302908,1
302195,1
304732,1
303946,2
303953,1
303756,1
304572,3
304538,3
300377,3
301163,3
302929,3
300207,3
301562,1
300648,3
304955,3
302003,3
304339,2
302355,1
300794,2
302051,2
300913,1
300622,1
304862,1
303445,1
300887,1
304915,1
300740,1
303120,1
300232,1
301247,3
302573,1
304859,3
300819,1
302728,1
301083,2
302829,1
302832,1
304922,1
301549,3
300698,1
300319,3
302207,1
300803,2
303979,1
301844,1
302590,1
303088,1
301566,1
301173,2
301954,3
300378,2
304031,3
300988,2
304630,1
301267,3
304081,3
301910,2
300090,2
303370,2
304159,2
301852,1
301196,1
300707,2
302368,3
302019,1
300534,3
300236,1
303036,1
300462,3
300005,3
304126,1
303215,1
300660,2
303592,1
301120,1
304814,1
300130,1
304198,2
303426,1
303732,2
304637,3
302152,2
302164,1
301595,1
303920,2
300542,1
302867,3
303315,3
300576,3
300862,1
302300,1
304442,1
302749,3
304089,2
300882,1
304420,1
301831,3
301297,1
301538,1
304088,1
300368,3
301729,2
304870,3
301062,1
300299,2
304902,2
302601,2
302984,3
302167,3
300594,3
303861,3
303339,1
303457,3
304905,1
304052,3
303708,1
304821,1
300992,2
302937,1
302770,1
300171,2
304153,3
300040,3
300070,3
301577,3
301533,1
302488,3
303522,1
302364,1
303043,1
301452,3
300391,2
303900,3
302169,2
301838,1
303957,1
301462,2
300662,2
303488,1
303852,3
303406,1
301149,1
300192,3
303046,3
300388,2
303819,1
304222,1
302629,2
304882,1
302336,2
302485,3
304446,3
300145,1
300198,2
302859,3
303587,2
302995,2
300195,2
301784,3
302174,1
304751,3
300344,3
303888,3
301937,1
303316,1
301594,1
304537,1
303212,3
304804,2
302401,1
303850,1
302028,3
301675,1
304384,1
302936,3
304747,2
302402,3
302614,2
304106,3
302737,1
301249,3
301312,1
300889,3
304526,1
301258,1
302798,1
303351,1
303367,1
302039,3
303640,1
301343,2
301172,2
300690,1
302203,2
304519,1
301590,1
302429,2
303744,1
303068,1
302365,3
304962,1
302024,1
304457,1
302400,2
303906,3
302561,1
301736,3
301466,1
301878,1
301349,1
301806,3
302378,3
303635,1
303692,1
301866,2
303554,2
302845,3
304597,1
302486,2
300769,2
304429,2
304580,3
302088,1
304114,3
300071,1
300216,2
301444,1
301450,3
304349,1
301317,3
303461,1
303000,3
302154,1
302653,3
301901,2
304233,2
303977,2
303586,1
301337,2
301471,1
303975,3
302271,1
303331,3
300220,2
301128,1
302101,1
301104,3
301700,2
304388,3
300354,3
304274,2
301699,3
304444,3
303598,1
302885,1
304489,1
303688,3
301956,2
300356,1
304143,2
301314,1
304943,1
304692,3
301643,3
301177,3
304936,2
304750,1
302975,2
301261,1
301908,3
303672,2
301054,3
301895,2
303865,2
303151,2
303241,3
302396,2
304826,1
302714,3
302200,2
302268,3
302223,3
302529,2
304319,3
301107,3
304952,1
304045,1
302766,1
303171,3
301368,1
301648,1
303396,1
302870,2
302793,2
301928,2
300450,3
302151,2
301583,1
303636,2
304328,2
300212,3
304746,3
303938,2
300598,2
304696,1
304918,3
303030,1
301291,1
302869,2
303955,1
304929,1
302296,2
301429,1
303164,3
302148,1
302858,2
303256,3
301724,1
303160,3
300564,1
303615,1
304742,2
302170,2
304705,1
303833,2
304207,3
301933,1
301335,1
300741,1
302233,3
304898,3
301396,2
302474,2
300052,3
304620,3
303290,3
302783,1
303834,1
303190,2
304055,1
302922,2
304477,1
302883,2
302985,2
300228,2
302810,1
304611,1
304355,2
301215,2
300353,3
301718,3
304149,1
303299,1
304476,1
301214,2
300651,1
303667,3
300917,3
301682,3
303571,1
302538,1
301244,3
303231,3
301185,1
302649,2
300221,3
302788,3
300719,1
304500,1
302240,1
303374,1
303191,2
301255,1
300852,2
301711,2
302391,1
302743,3
304295,2
304978,3
303800,1
303595,1
301417,2
304969,1
302035,1
300947,2
301765,2
300128,2
301493,2
304202,2
303404,2
302564,2
300536,3
304907,3
300746,2
304365,1
300592,2
301421,3
301183,2
301481,1
302593,3
303202,3
300944,1
303818,1
304837,2
302827,3
300495,1
303758,1
304156,1
300836,2
300644,1
304332,2
302251,2
304331,3
300310,3
300055,3
304262,3
301513,1
304872,1
301993,2
304396,2
301436,1
300283,1
304834,2
304904,1
303828,1
302767,2
304900,3
301870,1
300507,1
301446,3
301464,3
304083,1
304392,3
304310,3
302107,1
302802,1
303146,3
301061,3
300621,2
303894,1
304772,1
300030,1
303140,2
302278,1
303233,2
303368,3
304416,1
303643,2
301240,1
303214,3
304556,1
303055,3
304632,2
301455,1
303968,3
303048,1
302090,3
301152,1
300513,3
302089,2
302729,1
303379,1
300679,2
301617,2
302988,3
300144,1
301713,2
300981,3
302866,3
300832,3
304381,1
303733,3
304576,3
303491,1
301633,2
303949,1
302998,2
301077,2
302331,3
300596,1
301534,3
300787,1
303469,3
302347,3
304172,3
304105,3
304190,3
300178,2
300561,3
303337,1
301778,1
304152,1
304372,3
303075,1
302165,1
303815,1
302567,1
304013,2
304764,3
304096,2
304450,3
304564,1
304808,2
301002,1
302723,2
302344,2
304693,1
303778,3
303084,1
303976,2
301387,3
304668,1
302579,2
302219,3
303296,1
300485,1
303966,1
300245,3
300472,2
302722,1
302318,2
301204,2
301636,3
300939,1
304186,3
301565,3
302677,2
300922,3
301127,3
301816,1
304456,3
303729,1
302670,2
302786,2
300796,2
302658,1
301553,1
301316,3
303948,1
304970,1
302927,2
304256,2
304264,2
304208,2
301259,2
304447,1
304740,2
303320,2
301579,1
300987,3
304612,2
302356,3
304072,3
300856,3
301053,1
303504,3
302129,2
301034,1
303103,3
301079,1
303311,1
302513,1
300389,1
302919,3
304380,1
304147,2
301683,1
304058,1
301545,2
303196,3
303387,2
303645,1
304484,2
301355,3
301839,2
303517,2
300633,3
303272,1
304787,1
301235,1
301459,1
302441,3
303763,1
302915,1
303111,1
300688,3
301702,3
301947,3
304621,1
304987,2
303564,2
302339,1
301912,1
301210,1
303512,3
304036,1
300261,2
301833,2
301650,1
302202,3
304038,1
301981,1
303859,2
302931,1
300247,3
303329,1
303107,1
302250,3
302879,3
300599,1
302856,3
301803,1
304161,1
300416,3
304316,2
303739,2
302136,2
301090,1
302321,2
304532,2
302962,2
303784,2
304465,1
301800,1
304762,1
302103,1
301320,1
301071,1
304260,1
300330,2
302710,1
302525,3
300204,1
301414,2
300214,2
302050,2
302706,1
304169,2
304100,3
302005,1
303257,2
300246,1
300115,2
303032,1
302294,3
300512,2
303801,1
301495,3
301560,1
303982,3
303102,2
301223,1
303682,1
300567,3
304263,1
303442,3
302137,1
300505,1
304938,3
304385,3
303723,3
301257,1
303045,2
302017,3
304423,2
304606,3
303917,2
304234,3
300504,1
300278,1
301840,1
303223,3
303427,1
303180,1
304510,3
304406,1
300948,2
303025,3
300116,3
300304,2
302971,3
302049,2
301200,1
300927,3
302956,3
301978,1
304680,2
300395,3
304733,1
300032,1
302543,1
302285,2
301999,3
302156,2
302197,2
301997,2
301671,3
304481,1
301357,3
304009,1
301939,3
303448,1
300715,2
301662,2
303656,1
303131,2
300968,3
303863,2
303407,1
300611,2
300748,2
300962,3
302974,1
304864,2
302815,1
303683,2
301970,1
303887,3
304306,1
304276,1
300555,1
302456,1
301156,2
301980,1
303913,1
303822,3
300766,1
301935,1
302892,3
302058,1
304701,3
304885,3
300099,1
301458,3
301315,1
302467,2
302466,1
303844,2
304638,1
301491,2
302012,2
300800,3
300231,2
300618,1
300814,2
303965,1
301369,1
303455,1
304517,2
301131,3
303035,3
304765,3
302687,2
303380,1
304176,3
303044,1
305000,1
300861,2
302465,1
303793,1
304136,2
300745,1
302418,1
303384,2
301941,3
301311,1
300206,2
303926,1
302166,1
303065,2
304995,3
302122,1
304288,2
304302,1
301276,3
302738,3
304506,2
301176,2
304386,2
302847,1
302070,1
301050,1
301242,1
304690,2
303624,2
300813,3
304636,1
303716,1
301029,1
302340,1
304515,3
300608,2
303307,2
301082,2
303824,2
303526,2
303947,2
300550,1
304452,1
301140,1
304815,2
301607,1
303754,2
300551,2
301138,2
304748,1
302473,3
304412,1
303996,1
303978,3
303089,2
301877,2
300779,2
303268,2
302825,3
301205,2
302212,1
303078,1
304267,2
303261,2
301561,1
304313,1
304026,1
301976,3
300945,1
300120,2
300492,2
301331,1
302707,1
303572,2
301815,1
303566,2
302537,2
304769,2
303901,1
301327,1
302366,3
304102,1
303271,2
303766,2
300073,2
301352,1
300869,2
303495,3
304209,3
303211,1
304110,3
300421,1
302138,1
300562,1
304238,1
302079,3
303022,1
301460,2
300659,3
301608,1
302415,2
300067,3
304886,1
302796,3
303555,1
303942,2
300079,1
300016,3
302308,3
304846,1
300535,1
300774,3
304458,2
303541,2
303220,1
301916,3
302986,1
300483,3
301612,1
304049,1
303928,1
301652,2
302943,2
302287,3
304656,1
302758,1
302112,3
300909,1
300975,3
304242,2
301400,1
301817,3
302586,1
301811,2
301443,1
303147,3
302086,1
303174,1
304626,2
300533,3
301047,1
300650,3
302880,1
304899,1
304085,2
301175,1
304220,2
301606,1
300392,1
300658,1
301664,1
303156,1
302147,1
303817,2
301478,1
303138,3
300019,1
300631,3
300675,3
304842,1
302461,1
300756,1
302307,2
304658,1
301990,3
301085,2
300282,1
301851,1
300346,3
304946,1
303128,2
302435,2
302288,1
301379,1
300259,2
303321,2
304682,3
303840,3
304178,3
302477,3
300102,1
302357,2
300257,3
301630,2
302317,1
303799,1
302076,1
304268,2
303042,3
301434,1
300720,2
303674,2
301088,3
302647,1
302335,2
303582,2
303017,1
304305,1
303262,1
304651,3
300510,3
302814,2
300995,1
301717,3
304133,1
302342,3
304579,1
301761,1
304453,3
301338,1
304648,1
304734,3
302381,1
303347,2
304117,3
300044,1
302875,1
300833,3
300465,3
300625,2
303371,1
304215,2
303910,2
302852,3
302266,3
300123,3
304029,3
300419,2
300784,2
304665,1
304002,1
303012,1
300137,1
301326,1
301383,2
300396,2
300170,2
302664,3
303031,1
301871,2
300786,1
304791,2
302390,3
303704,3
302025,2
303116,3
302507,1
302902,2
301024,2
303494,2
301526,1
303596,2
300157,1
302605,2
303016,3
302933,1
300872,3
302034,3
303874,1
302934,3
300978,2
303647,1
301706,1
301282,2
302326,1
302002,3
304792,3
304487,1
304988,3
304807,3
303525,1
304574,1
300950,1
300172,3
304855,3
301864,1
300664,2
304950,1
300185,1
300677,1
300808,1
303343,1
301525,2
301404,1
301154,3
303962,1
301073,1
301720,2
304073,1
302558,2
300569,2
304206,1
301548,3
301890,3
303867,1
301629,3
301167,3
303923,1
302026,1
300991,2
301972,2
303014,2
303061,3
302868,1
303284,3
301181,3
304534,3
302289,3
302237,1
303740,1
303990,1
301651,1
300197,3
300436,1
303617,3
303247,1
302231,2
300727,2
301588,1
302359,1
303591,2
303574,2
303752,1
302541,2
303935,3
300074,3
303285,3
304779,3
301869,1
301670,3
303707,3
300744,1
300028,1
303764,1
304982,1
302987,2
301988,1
300269,1
304300,1
303439,3
301710,3
300320,1
300057,1
303877,3
304057,1
302967,3
302045,1
304661,1
302230,3
300990,3
300387,1
300098,1
303654,3
301051,3
302712,1
303099,1
304860,2
302178,1
302210,3
301569,2
304961,3
304983,1
302215,2
302517,2
303757,3
300034,2
301823,1
300653,2
304363,1
302957,3
301674,1
300038,1
300241,1
301486,3
303943,2
300275,2
302617,1
303382,2
300194,1
300273,2
303375,3
300566,3
302844,3
303139,3
303472,3
304047,2
302509,2
303619,2
303999,1
300374,2
302996,2
302298,1
302514,3
302762,1
304297,1
303248,1
302265,1
302682,1
300382,3
304591,2
303562,1
304754,1
300585,3
302853,1
300327,3
300914,3
301973,1
300620,3
300468,2
302570,2
303172,1
304001,1
301593,2
300670,2
300867,1
303498,3
300725,1
303760,2
301705,1
300167,1
304539,2
301802,3
300139,2
301325,2
304615,3
304768,3
303709,2
302556,2
303830,3
302358,3
303027,2
300886,3
300667,2
304341,1
304906,2
302604,2
302091,1
303773,3
301482,3
304720,1
300291,1
302114,1
302899,3
300375,3
304559,2
302168,1
302362,2
301361,2
302044,2
300776,3
301192,1
302065,1
301049,1
302952,2
302920,1
302244,1
304021,1
301449,1
302004,1
300164,1
304974,1
300274,3
304838,2
302245,2
303381,3
300233,2
301044,2
300942,1
300617,1
300822,3
304016,1
303028,3
300422,1
301305,3
301274,1
303059,3
303697,2
301115,3
303460,3
302732,1
301465,1
300410,2
301161,2
304248,1
303464,1
304354,1
303883,1
301691,1
303115,1
300671,1
301902,3
303836,2
302299,1
300020,1
300058,2
302795,1
301226,3
304018,3
301306,3
300087,1
301014,1
301130,3
300234,1
303091,1
302502,2
301795,3
304103,1
301415,1
304831,3
302445,1
301752,2
302457,2
304583,3
304545,1
300474,3
304925,2
302589,3
301271,3
304015,1
301081,3
301072,3
302510,2
304470,2
304679,2
303680,1
300106,1
301783,2
301308,2
301949,1
303377,3
300229,1
300669,3
304188,1
302606,3
300001,1
302913,3
303018,1
303768,1
304012,3
301461,3
302279,1
302013,2
302370,1
304092,2
303959,1
302702,2
302549,1
304888,3
301927,1
302426,1
300770,2
304402,1
300636,3
304759,2
302979,2
304932,2
303010,1
304340,3
304725,1
302160,1
300866,3
303095,2
301740,3
303580,2
302450,1
300343,3
300114,1
304873,1
303058,2
300801,1
302504,2
302630,1
301615,1
301707,1
304891,1
302559,2
301635,3
301887,3
303726,1
301727,2
302304,1
300915,2
303361,3
303886,3
304741,2
303054,1
301762,3
304060,3
300223,1
302557,2
303832,2
302119,3
302206,3
302656,2
304272,2
300033,2
300692,1
302295,2
304101,2
300526,2
301585,2
301307,2
300329,3
303642,1
302622,3
302631,2
300018,2
304116,3
302273,2
300857,1
303899,3
301722,3
304479,2
304883,2
303413,3
301677,1
300938,1
304131,2
301883,1
300242,3
301510,2
303198,2
302890,2
303616,3
302126,1
301105,3
301822,2
302992,3
300488,1
304608,1
300133,1
300655,3
303937,1
304547,3
301558,3
300949,1
302955,2
304200,1
304600,2
300649,1
304794,1
301858,3
301647,2
301959,3
303428,1
303235,3
300188,3
304511,3
304227,3
301416,1
301744,2
301554,2
300588,2
303960,2
302261,1
302663,3
304430,3
303446,1
300501,1
300324,1
304795,3
300568,1
301431,1
300056,1
300877,2
300007,1
301059,2
302785,2
302742,3
301293,2
301159,2
302057,2
300176,3
303002,2
301075,1
301923,1
304020,3
302822,2
300697,1
303918,1
302751,2
304307,3
302252,3
303769,1
302476,1
304394,3
303812,1
304672,3
300335,2
302624,1
303183,3
304467,1
302597,3
303749,3
303912,1
303372,1
301984,2
302241,3
304017,3
300267,2
300337,3
300048,1
301194,2
301438,3
300222,1
300362,1
300097,1
303532,1
304508,3
302887,1
302846,2
304710,2
302327,1
301551,1
303292,2
303967,2
304270,3
303676,1
302382,1
303675,2
304282,1
303069,2
300286,2
303557,1
300211,2
302733,3
302181,2
301603,1
303535,3
300333,1
301006,2
301821,2
303919,3
302353,1
303040,1
302021,2
303969,2
304303,1
303334,2
300924,2
303080,1
303629,2
301907,1
304028,2
304239,1
304678,3
300082,1
302625,2
300583,1
300384,1
303254,2
304127,1
302667,1
302571,3
303858,2
300817,2
303218,3
301788,2
302188,2
302746,1
302055,3
300920,3
302495,2
302095,2
302423,3
304359,2
304418,1
303782,2
301336,2
304261,1
301087,1
304585,1
304482,3
304400,2
302064,2
304782,1
304034,2
303269,1
300762,1
301301,1
302460,3
303581,1
301238,1
303502,2
301178,2
301483,2
304911,2
304694,1
304914,3
301213,1
300758,1
301865,1
304184,1
302350,2
301039,3
302553,3
300458,3
302626,3
302361,2
300797,3
302458,3
300976,3
302646,3
303841,3
301531,1
304894,2
300503,1
301356,2
304507,2
303167,2
303878,1
304345,2
301819,3
302681,2
300713,1
302828,1
301441,1
302999,1
303278,2
303652,1
302527,2
300847,2
303964,2
301193,2
302371,1
300426,1
300771,2
304211,3
302211,2
302109,3
303145,3
302475,1
301253,2
300965,2
303795,1
304379,3
300406,2
301114,1
303364,1
302881,1
303597,2
301948,3
302104,1
303264,3
302782,2
302671,3
303864,3
301375,2
301199,1
302970,2
304584,2
301692,1
301448,1
303113,1
303081,1
303141,1
304541,3
303489,2
302818,2
303194,2
302048,3
302990,1
304329,3
300295,2
304736,2
301420,1
300919,1
300755,1
303317,3
302727,1
302001,3
301879,1
301037,3
304749,2
303798,2
304973,3
303087,3
303507,3
302161,2
300911,1
304619,2
304007,3
302651,1
300160,1
300509,1
300366,3
302874,1
302683,3
302771,3
303201,2
300572,1
300723,1
304659,2
303563,1
304433,3
302763,2
303868,3
304771,1
300530,1
304095,2
304454,2
303630,2
304945,1
301480,3
301688,2
301372,2
304265,2
304499,2
300595,1
301332,1
302637,3
300628,2
304298,1
304497,3
304112,2
303718,1
301494,3
304292,1
301605,3
302379,1
301003,1
301856,3
302581,1
304867,1
304478,1
302117,1
304649,1
304139,2
301974,1
300584,1
304217,3
303882,2
300350,2
302506,1
303995,2
304660,2
300342,1
303318,1
303476,1
301011,1
302965,2
303658,1
302947,1
302533,2
300783,1
302512,1
303267,3
304663,2
302440,1
304108,2
303972,1
304784,3
301785,3
302422,2
303226,2
301575,1
302911,3
304781,1
303360,1
303137,1
302966,1
304099,2
304037,3
302125,1
300582,1
302540,3
303122,2
302259,1
304954,1
302430,2
302040,3
304652,2
301896,2
300969,2
300268,3
301126,1
304323,3
304405,1
300047,1
302801,1
302536,1
301628,2
303796,1
301958,2
302547,2
302860,3
304613,2
300036,1
300858,1
304553,3
304916,2
304890,3
304786,3
304150,2
303402,3
301979,2
303584,2
304142,3
301000,2
302108,1
303475,2
300453,1
301745,3
300199,2
304459,1
300638,1
302061,2
304124,3
302072,1
301874,1
300328,3
303050,1
303737,1
300579,3
304097,1
301696,2
303781,3
303838,1
301568,3
300143,2
301094,1
301339,1
302735,1
304213,2
303670,1
302789,2
303590,1
303547,3
300104,1
303759,2
304360,2
302498,2
300891,2
301412,1
304401,1
303067,3
303720,1
300433,1
301685,1
304647,3
304014,1
301936,2
300129,3
301919,1
302159,2
300581,1
301945,1
300091,1
302213,1
300614,1
302607,3
304550,3
302578,3
300757,1
304811,2
302157,3
303222,1
300838,3
304284,2
300022,1
303478,1
302691,2
301841,1
303970,2
304965,2
300266,3
303053,1
300338,3
303184,3
304523,1
302530,3
301983,1
302772,2
303245,1
300557,2
301867,1
303558,1
304590,3
302010,1
303951,3
301809,3
302454,1
304979,1
304919,1
300024,2
304251,3
303456,3
304333,1
302661,2
302694,1
304980,2
303693,2
303992,3
302084,1
302889,1
300226,2
302704,1
302242,3
301598,3
301246,3
300680,2
304460,3
301676,3
304689,2
304598,2
302464,3
302800,2
303397,1
304278,3
303936,3
302865,1
300685,1
303927,1
301036,2
301121,1
300321,2
301604,1
304866,1
304473,3
304540,3
301413,1
301239,1
303573,1
304684,2
303556,2
303579,1
304790,1
301631,2
303879,2
302413,2
301709,1
302611,2
303871,1
302759,2
300854,3
303435,3
303350,1
303644,2
304903,3
300768,3
301918,3
303354,1
300665,1
303987,1
300078,1
304926,3
304194,3
301032,2
302186,2
303356,2
304395,3
301687,1
300807,1
304554,2
301625,2
303465,2
304183,2
300497,1
304505,1
302334,1
304448,1
304709,1
300486,2
301296,1
301162,1
302414,1
302834,1
302141,2
304912,1
300148,3
303529,1
301931,1
303998,1
303825,1
304185,1
301473,2
300135,3
303398,1
303363,3
300613,3
303730,1
301516,3
302923,3
304218,3
304622,1
301341,2
303961,3
300730,1
301723,2
302291,2
304463,1
300980,1
302349,2
300735,1
303537,2
302313,2
302554,2
300910,3
304941,2
303219,2
304715,1
303837,1
304871,3
301787,2
304408,3
301857,3
300165,2
300652,3
304398,1
302189,2
304985,3
301026,1
300095,3
301456,2
304087,1
302864,2
300276,3
303333,2
300961,3
303659,1
300970,3
300828,1
302323,3
303049,3
303070,1
301982,3
302961,1
304910,1
304032,1
301171,1
304798,3
301904,2
300432,2
302096,3
301365,1
303001,2
300306,3
300093,2
300042,1
301290,1
302816,3
302609,2
303275,2
304035,2
302886,1
300412,3
300793,1
302585,3
303153,1
301206,3
302247,2
301715,3
304830,1
300705,2
303701,1
300061,3
300532,2
303433,2
301644,3
301756,1
303805,3
303687,3
301264,1
301600,1
304810,3
304374,3
301111,3
304800,1
302909,1
303169,2
304861,1
302584,2
302669,3
300083,2
304560,2
304520,3
303179,3
303620,2
301989,2
304853,3
300977,2
303991,3
301485,3
302768,2
300476,3
300271,3
300281,1
304596,2
303378,2
301611,1
303981,1
301791,1
301346,1
304141,3
301759,1
303735,2
304291,2
303568,2
304618,2
302134,3
303100,3
301930,2
304403,3
304561,1
302569,1
302792,2
303326,1
303881,2
303066,1
301572,2
304155,3
303609,2
304223,2
304948,3
301934,2
304735,1
302226,1
302158,2
301520,1
300086,1
304624,1
301020,1
304889,1
304257,2
301550,1
300027,2
301265,3
301179,1
302905,1
304536,3
303578,1
302718,2
301499,1
302420,3
303415,1
304571,3
302884,3
304996,1
301522,3
303189,1
300156,3
303872,3
304824,3
304175,1
302410,3
304745,1
304000,1
303365,1
300733,3
300150,2
302354,1
301108,3
300982,2
302848,1
300571,2
301961,1
304330,2
303748,1
302074,3
301808,1
301025,1
302077,1
300676,2
301157,3
301601,1
301027,1
300399,3
301275,1
303755,3
301801,2
303813,1
300031,1
301602,2
300303,2
303853,1
304366,3
304315,2
302235,2
303119,2
301661,2
300262,2
304225,2
301043,3
300255,2
304775,3
304949,2
301203,3
304588,3
303802,3
304674,1
302367,1
303195,3
302140,1
300689,1
304645,2
304041,1
303294,3
300747,3
300691,2
304717,1
300080,1
300122,1
300896,3
304874,1
301035,2
304518,3
304847,3
300972,1
302588,3
302442,3
303034,1
301124,1
303747,3
302566,2
300553,3
300848,3
301616,3
302047,2
300427,2
304346,1
302700,2
301381,2
301302,3
304529,1
303631,2
303898,3
300874,1
303019,2
303083,1
300332,1
302778,1
301597,2
303774,3
303230,3
303242,2
301008,1
304283,1
301906,1
301310,2
302954,1
304573,1
301212,1
303649,2
300318,1
300205,1
304887,1
303524,2
301962,1
303450,1
300547,1
303093,3
300935,1
300899,1
303482,2
301110,1
304785,2
304241,2
303576,1
301769,3
304942,1
301900,3
304977,1
304174,1
304819,2
302305,2
304731,1
301810,2
300521,1
303661,2
303600,3
303575,1
304327,2
300438,3
300695,1
300478,3
302959,1
302602,3
301690,2
302492,1
303305,2
300487,3
301760,3
300147,3
304688,2
303322,1
304109,3
302258,1
302917,1
304676,2
302338,2
302599,1
301217,1
304809,2
303551,2
301303,2
302182,3
304677,2
304084,3
301063,3
303553,3
300239,2
302330,3
303444,3
303775,1
302939,1
301797,3
302720,1
303401,2
302014,2
301738,1
300051,3
300865,2
302757,2
302373,1
303821,3
304146,1
300844,1
302434,2
300190,3
300390,1
304662,3
300443,1
303594,1
303516,3
301467,1
300092,1
304439,3
300684,1
301371,1
300369,2
302320,1
303181,3
301764,3
300957,1
300984,3
300336,1
301913,2
300118,2
302329,2
302249,1
302654,1
300351,3
301667,1
302891,1
301535,2
303104,3
303944,3
304164,2
304509,1
304930,1
300312,3
301578,3
303994,1
304158,1
301342,3
302983,2
304803,2
303291,2
304393,2
301329,2
304562,1
304835,3
303816,2
300347,1
303074,3
302797,1
300876,1
303486,3
302643,2
301202,1
304224,3
302484,3
304271,3
302725,1
303282,3
303414,2
301511,1
304409,1
302686,2
302724,2
301859,3
303533,3
302616,3
300834,3
302293,2
304776,3
300574,1
301378,3
300313,1
302424,1
300489,2
301564,1
300470,3
302655,3
302190,1
302632,2
303703,1
302075,1
302580,2
301735,3
303409,1
303492,1
304076,1
300372,1
303330,1
304216,2
303225,1
301889,1
300624,1
302914,1
300077,3
300702,1
301237,1
300358,3
300493,3
303063,3
301137,3
300791,1
303662,3
302097,2
303270,3
300386,3
303038,1
302487,1
302127,2
300110,3
302248,2
304228,1
302713,3
300925,2
304022,2
300279,2
301281,2
301517,3
300772,2
300681,1
300179,1
304617,1
300059,1
301391,1
304766,1
303985,1
304976,3
304695,2
304850,2
300418,2
304266,2
301768,1
300258,2
302436,3
301659,1
300112,2
301001,2
302447,1
300937,1
301884,1
303873,1
303803,2
302721,3
302191,2
301427,2
304563,1
304474,2
302587,3
301330,2
303521,2
304595,2
300442,1
300600,1
303355,3
302469,2
300558,2
300428,2
302439,1
304435,3
303520,2
300026,1
301914,2
301169,1
301428,3
300693,3
300248,3
304253,3
304704,3
300162,2
303422,3
302236,2
302433,2
304210,1
303827,1
303950,1
302711,3
304548,1
303281,1
302448,3
300656,1
301224,1
302685,1
303915,2
304445,2
300549,2
303930,3
304984,1
302372,2
302833,2
300290,1
301151,1
300753,2
304490,1
303790,2
302322,1
302769,3
302315,1
300496,2
300829,2
302519,2
304569,1
302408,2
302452,1
303689,1
300816,3
303193,2
301100,1
304836,2
303570,1
303295,3
302360,3
301145,3
301447,2
302753,1
301726,1
304258,1
300340,1
303471,1
301757,2
300341,3
302972,2
303185,1
302739,2
300014,2
303712,3
300645,2
301872,1
300792,2
302678,3
300142,1
304051,2
302526,2
301419,2
301622,2
303603,1
304724,2
302471,2
302325,3
304336,1
303505,2
302459,3
300085,3
303500,1
304673,2
303681,3
302532,1
303941,1
303857,2
302997,1
302901,2
301497,1
301445,2
304181,1
302444,1
300166,2
303993,3
304226,3
303259,2
303902,1
303484,2
303255,2
302066,1
300683,3
302680,3
301782,1
304229,1
302791,1
303335,1
300376,2
301013,2
300646,1
304461,1
303731,1
304650,3
300479,3
302823,3
304960,1
304204,1
302699,1
302081,2
302948,1
300843,1
303273,1
302177,3
300105,2
304551,2
300293,3
300224,3
302726,3
302928,2
302427,3
304348,1
302453,1
300686,1
301850,2
300775,2
304373,2
302310,1
304320,3
301377,1
301655,1
302932,2
304196,2
304074,3
303751,2
301559,1
303585,2
303829,2
300417,1
303092,2
301230,2
303699,1
301820,3
303162,3
304077,2
304601,1
304774,2
300556,1
304702,1
304990,1
304162,2
302817,3
302668,3
301619,1
303263,1
300041,3
300845,1
302900,3
301370,3
301402,2
302451,3
304008,2
303851,1
304997,3
302421,1
302246,2
303353,2
302176,1
302052,1
301747,2
301668,2
300475,3
302811,1
301666,1
304376,3
304050,2
303412,3
303393,3
300473,1
302849,1
301546,1
304167,3
300647,3
302719,2
304438,3
304581,1
302449,3
301078,2
303820,1
301437,2
304671,1
300926,2
302071,3
301272,1
303303,2
303810,1
300619,2
302893,3
302895,3
301475,1
303408,2
304189,1
302615,3
303538,3
302545,1
300821,3
304443,1
302110,3
300050,1
304179,1
303276,2
303496,2
303298,2
300153,2
301915,1
302083,3
302662,1
304869,3
302953,3
303182,3
302820,1
300218,2
304212,1
301886,3
302904,1
301728,2
300905,1
303391,1
301134,1
303224,2
301854,1
300994,1
301252,2
301571,3
303791,1
303891,3
301714,1
302582,3
304488,3
301269,3
300710,2
303056,2
304138,2
304543,1
303432,2
301544,2
300750,2
302896,2
303086,1
300452,3
304431,3
300540,3
302620,3
300773,1
303474,3
304857,3
302022,3
301220,2
301834,2
302314,2
302500,3
300548,2
302839,1
300191,1
301385,3
302046,1
303170,1
301694,3
304358,3
300397,3
302054,2
304163,1
302380,3
300238,3
301058,3
302708,3
304434,2
300425,2
301021,3
302145,1
304681,1
301388,2
302260,2
300045,1
301829,3
301392,1
304094,1
303776,2
300089,2
302018,1
300449,3
304421,1
301398,2
302912,2
302059,2
304691,2
303301,2
301639,1
300345,2
304703,1
300385,3
302982,2
303204,1
304758,1
302479,2
301557,3
301016,1
301294,2
300447,1
303646,1
304449,3
304783,2
301703,3
303779,1
302499,1
303403,1
303342,1
304909,1
304963,2
300159,1
301746,2
302690,3
303847,1
301953,1
304471,1
302432,1
303108,3
302539,1
300405,2
304753,3
304440,1
302133,2
301775,2
304566,1
304245,1
301236,3
302135,1
300202,2
300002,3
304627,1
301390,3
302253,2
301109,2
300209,3
303593,2
303210,1
301903,1
301164,3
302876,1
303047,1
303738,1
304389,2
301197,3
304822,2
300575,2
304168,1
304940,1
303308,1
300398,1
300731,1
301591,1
301842,1
302835,2
304604,3
301122,3
303094,3
300894,1
304259,1
304599,3
304577,1
301789,1
302417,3
302033,2
304325,1
302665,3
302978,1
301892,2
302741,2
303722,1
303613,2
301621,1
300285,1
301022,2
300742,3
303543,2
304090,1
300799,1
302015,1
301166,1
302688,1
304371,3
304991,3
302935,3
304971,1
302455,1
300989,1
303349,3
302113,1
300777,1
304187,2
300538,2
301529,2
300895,1
302779,3
302269,2
304770,2
301187,1
300455,2
300039,2
300554,2
302481,2
302416,3
300127,1
302872,3
304043,3
302765,2
300855,2
301505,2
304513,2
300173,2
304654,1
302348,2
301218,3
302056,2
300607,2
301498,1
304828,3
304951,1
303980,2
303423,1
300471,3
300316,2
301898,1
304236,1
302679,3
300065,2
304908,1
302598,1
303911,2
300361,1
301189,3
300035,2
302303,1
300764,3
300081,1
303856,2
303425,1
303437,1
303265,3
304533,2
301733,1
300974,1
304901,2
304415,1
302483,1
303399,3
304432,1
302199,1
300885,1
303345,3
302548,1
304352,2
304602,2
301155,1
301097,1
304823,1
304475,1
300906,2
303696,2
301506,3
302555,1
300728,1
301969,1
301488,3
300409,1
300734,2
303467,1
301389,3
300315,1
300149,1
303163,1
300682,1
301289,1
303221,1
301824,1
301374,3
301763,1
300880,3
302462,1
303310,2
304856,2
303304,3
302194,2
301432,3
301876,3
300288,1
301479,2
302755,2
302173,1
302740,1
301640,2
300437,1
304739,3
301542,2
302472,2
301922,2
304247,3
300706,2
303665,2
300871,2
302124,2
303258,1
300818,2
302290,3
304498,1
300879,3
300967,1
301345,1
302493,1
302888,1
304616,1
304005,1
300663,2
302938,3
301968,1
300804,3
304154,1
300868,3
302684,1
303826,2
302393,2
300119,1
301147,2
300072,1
303583,1
303599,2
304767,3
300480,1
303325,1
303229,1
301837,1
303789,3
301626,1
302572,2
300015,3
303565,1
304843,1
302272,3
300709,1
300181,2
300527,1
304324,3
304425,3
304357,2
304203,1
300411,1
300749,3
303288,1
304712,1
304516,1
302784,1
300317,2
302132,3
302263,2
302843,1
303239,2
303721,3
303831,1
303862,1
302232,3
303144,1
301309,3
302842,3
300678,2
304180,1
300666,2
304317,2
302267,1
300717,2
302193,2
302577,1
303770,3
302063,1
301195,2
300643,1
300309,2
303383,1
301132,1
303786,1
304030,3
301673,1
304535,1
300431,2
302977,3
303314,1
300616,1
302180,3
300494,3
300545,2
303020,3
302163,1
302443,1
302297,1
302412,3
302262,2
300003,2
302398,3
304378,2
301425,3
300518,1
300657,3
302638,2
302634,2
303884,3
300201,2
302673,2
300363,2
303436,1
302062,2
300930,2
300196,2
304356,1
303870,3
304514,2
300898,1
304833,3
300916,1
303933,2
303293,3
304594,1
300103,3
300831,1
303166,3
303240,1
303794,3
301066,2
300529,1
302516,1
302228,2
304522,2
304370,1
302463,2
303666,1
300111,2
301040,3
300839,3
300121,1
301227,3
302600,1
300765,1
301190,2
302082,1
303869,3
300637,3
300280,1
303449,3
304193,3
301362,1
300699,3
302011,1
303908,2
302222,2
301323,1
302312,3
302383,1
301347,3
300175,1
303152,1
300932,3
302309,2
303420,1
303695,1
304177,2
302030,2
302208,3
303470,3
304065,1
304040,1
300893,3
304062,3
301708,1
303279,3
300921,3
301426,1
302596,3
301442,2
300722,3
302790,2
300959,3
303126,3
304813,2
301719,2
302036,1
304135,2
300837,2
300587,1
302375,1
300897,1
303280,2
302808,1
300451,2
304397,2
300589,2
300131,1
302187,3
300956,2
304953,3
304309,1
301501,2
304641,1
301610,3
300780,1
301112,3
303072,3
304698,1
300716,2
300578,3
300284,3
301184,3
301987,3
303711,2
300012,2
301248,2
304334,2
303205,2
300517,3
304192,1
301614,1
304296,3
304718,2
300440,2
300701,3
301386,2
301897,2
301653,3
302007,2
302027,1
303945,1
301570,2
304350,2
304407,3
302639,3
301942,2
304917,3
300499,1
303359,3
302660,3
300738,1
303004,1
300046,1
303534,3
302591,3
300076,2
303508,3
302146,3
304326,1
303746,2
300307,1
302991,2
304777,3
301129,3
304744,1
303209,1
300254,3
301018,1
303623,1
303033,1
301618,1
302115,2
302392,1
303123,1
300006,2
300235,1
301319,2
302623,2
300973,1
302764,1
300466,2
304858,3
304937,1
302562,3
302894,2
300060,3
301504,2
301056,3
303717,2
303289,3
303679,2
301069,3
300302,3
304892,1
303771,3
300639,3
300552,3
300996,1
303438,2
304993,1
303466,1
301406,3
300069,2
301170,2
303677,3
303324,2
303956,1
304848,3
300826,1
304027,1
304653,1
303419,2
302280,1
304839,3
303549,1
304466,2
300892,1
300524,3
302594,3
302674,1
303895,1
303548,2
301031,1
300174,1
302120,1
303734,1
300265,1
300013,1
302394,1
301754,2
304729,2
301125,2
301537,1
302592,1
300325,3
301295,3
301843,1
303876,1
304123,3
303924,1
302438,2
300381,3
302942,2
300168,1
300979,2
301410,3
304417,1
300300,3
303421,3
301749,1
303806,3
300864,2
303497,1
303641,2
301106,2
301321,1
304299,3
303118,1
301580,1
300593,1
300467,3
300219,3
303997,3
301750,1
301101,2
303302,3
300138,1
301909,2
302377,3
302907,1
302777,3
301270,3
302243,1
304812,1
304880,2
301596,1
301251,1
304633,1
301792,3
304544,1
300461,3
301849,2
302657,2
302123,1
304053,1
303323,2
300186,1
300640,1
302752,3
303352,3
303130,3
300189,2
301174,2
300134,1
300430,2
304368,1
303319,3
300802,1
301776,3
303973,1
300243,1
303772,3
303227,1
300244,2
302524,2
300627,3
304119,2
303939,2
300805,1
302395,3
300873,2
300998,1
301042,2
304582,1
301160,3
304609,1
304923,2
304706,3
302319,2
300704,1
301299,1
300444,2
304896,2
304128,1
303569,3
300380,3
304578,1
301207,1
304806,3
300454,1
302550,2
303622,1
301646,1
302534,2
301873,2
300446,3
304778,1
301146,3
304761,1
303096,2
303714,3
304230,1
302205,3
302239,2
300523,2
304593,3
302773,1
304958,2
303079,3
304524,3
303804,1
302941,2
304304,1
300481,2
300240,1
304322,1
304716,1
303328,2
303493,1
301508,1
302621,1
301926,3
302254,1
303341,2
302009,1
303952,2
301899,1
302150,2
304361,1
301638,3
303605,3
301407,2
304377,3
301409,2
303297,3
300724,1
304033,3
304281,1
303142,2
304125,3
304160,2
303988,1
304293,2
301543,1
303889,2
303921,1
300263,1
303178,1
302552,1
304344,3
304134,1
301430,2
302192,1
304347,2
304107,1
304603,2
304683,2
300037,2
304920,2
300301,1
304956,1
302016,2
303188,2
302068,1
302406,3
303897,3
302838,2
302037,1
304486,2
303651,2
304287,3
304314,1
300287,3
303458,3
304527,3
304610,2
300966,1
301394,3
303780,3
303157,3
300132,1
302386,3
300904,3
304070,3
304464,1
301796,3
300668,1
302837,2
303060,2
303124,2
300423,1
301353,3
300484,3
301623,2
301086,2
301721,1
301524,1
303358,1
302968,2
304244,2
301832,2
303023,3
301814,1
301679,3
302950,1
300597,2
302399,1
301518,1
303814,1
301693,1
301541,2
303750,3
302478,2
304635,1
302094,1
302149,1
301233,1
304171,1
301966,3
301825,1
300457,2
303300,3
303015,2
302428,3
302565,2
303544,1
300953,1
300502,1
304757,1
300393,2
304722,3
303690,2
301139,3
300615,3
300407,2
300469,2
303702,2
300272,3
301663,1
304957,1
301277,3
303637,3
302610,3
300875,3
302023,2
301950,3
300200,3
302264,2
302277,1
302964,1
301300,2
304115,2
300903,3
304111,2
300360,2
300506,1
300101,1
304252,3
300630,2
304966,1
303039,3
303136,2
303983,1
302270,2
304875,2
303238,2
301382,2
300890,1
302282,1
300795,1
300025,1
301992,3
303736,1
300152,2
300809,2
301734,3
302257,3
302544,2
300490,2
302897,2
303246,2
301298,2
303127,1
301632,2
300767,2
303177,2
300511,1
300918,3
300459,2
303244,2
304243,1
303710,1
301581,1
304780,3
301732,3
300367,3
303527,1
303706,2
300464,1
301280,2
304078,3
304413,1
303106,2
301587,2
302437,1
301144,2
303249,1
301005,2
301424,1
302470,1
304120,1
300623,3
301951,2
301911,1
300227,1
301944,2
301439,3
303150,3
301807,2
303684,2
304552,2
303260,1
301064,1
304657,2
302698,1
303601,2
302276,3
303705,1
302958,3
300907,2
303845,1
304737,1
303767,1
300401,1
304567,2
304148,3
304844,1
302836,3
301893,2
301742,2
302993,3
302826,2
301613,1
300732,1
302676,3
304129,1
300923,1
304721,3
301835,1
301766,1
303577,3
303531,1
304441,1
300252,1
300946,2
302635,2
300943,3
302172,1
303893,3
303559,3
302196,2
300696,1
300626,3
304118,1
303186,3
302830,1
302627,1
301142,3
303664,1
302531,1
302311,1
301891,1
304623,2
301830,2
303452,1
303843,1
304364,1
300230,3
304063,2
304640,2
303389,1
303213,2
302111,1
303540,1
301712,3
300193,3
300635,1
301730,2
301007,2
301547,1
303112,3
300936,3
301241,2
304625,3
301472,3
300184,2
300500,3
303907,1
300402,1
302960,1
300781,2
304802,2
301376,2
304827,1
300900,1
300824,2
304549,1
302819,3
303765,2
302102,1
300673,1
300726,3
302906,2
301198,1
301023,3
301952,2
301096,2
303890,1
301649,1
302642,3
301771,1
302787,2
300054,2
304881,3
302731,3
301158,1
301532,3
300125,3
303434,3
304121,3
304369,2
302744,2
302374,2
300878,1
301627,1
304675,1
304884,1
301454,2
302031,1
303197,1
301117,2
302468,2
302560,3
301188,2
303344,1
303905,1
304607,3
301030,3
300379,3
302976,2
303395,1
301219,1
300249,3
303005,1
301921,1
303848,2
302804,1
300958,1
304342,3
304428,3
303051,1
303550,3
303515,3
300951,2
301113,2
302568,3
300448,2
300491,1
303424,1
304235,1
303158,2
304462,3
300934,1
300264,1
302951,1
303916,3
303250,2
303405,1
301780,2
302060,2
300754,1
302705,1
302963,1
300612,3
300109,1
303974,3
301500,1
303519,2
303216,3
304849,1
300986,1
303846,2
300096,3
303989,1
302118,2
301359,3
302652,1
302946,2
301089,1
300237,3
304399,1
303098,3
301574,2
302337,3
301748,3
303477,1
303483,1
304367,2
304592,2
300577,1
303105,1
302020,3
300066,3
301136,1
301695,3
302831,3
303041,3
301818,3
302745,3
304387,1
303657,1
302369,3
302518,3
300355,3
303159,1
302863,2
304232,2
302734,2
301853,2
302969,1
300053,3
302648,3
302659,1
303388,1
301964,3
303392,1
303552,3
301364,1
302628,2
301344,3
302595,3
303430,3
304427,2
304986,1
303362,2
300292,2
304865,1
304311,1
304586,1
301373,1
301773,3
304852,1
304895,1
302689,1